3907
38 269 1
38 115 2
38 38 0
38 12 0
12 75 1
12 75 2
12 75 3
12 115 4
12 115 5
12 115 6
12 115 7
12 115 8
12 38 0
38 115 1
38 269 2
38 93 0
93 115 1
93 75 2
93 93 0
93 24 0
24 67 1
24 145 2
24 115 3
24 115 4
24 115 5
24 115 6
24 115 7
24 115 8
24 115 9
24 115 10
24 115 11
24 13 0
13 75 1
13 75 2
13 115 3
13 115 4
13 115 5
13 115 6
13 115 7
13 93 0
93 269 1
93 75 3
93 67 4
93 269 4
93 142 0
142 75 1
142 38 0
38 176 0
176 67 1
176 75 2
176 145 3
176 115 4
176 115 5
176 115 6
176 38 0
38 24 0
13 38 0
93 275 1
93 269 2
93 75 4
93 179 0
179 275 1
179 275 2
179 115 3
179 77 0
77 89 1
77 75 2
77 115 3
77 79 0
79 89 1
79 93 0
93 38 0
38 178 0
178 275 1
178 75 2
178 145 3
178 115 4
178 115 5
178 115 6
178 142 0
38 266 1
93 278 1
93 266 2
93 12 0
38 278 2
24 269 1
24 75 2
24 75 3
24 145 4
24 115 12
38 33 0
33 269 1
33 278 2
33 115 3
33 77 0
79 12 0
12 83 0
83 269 1
83 65 2
83 75 3
83 75 4
83 38 0
13 12 0
12 93 0
38 61 0
61 90 1
61 12 0
61 79 0
79 61 0
13 61 0
93 67 2
61 38 0
13 79 0
13 142 0
38 2 0
2 269 1
2 269 2
2 75 3
2 115 4
2 38 0
38 142 0
142 115 2
13 33 0
33 75 2
33 75 3
33 75 4
33 115 5
93 61 0
79 142 0
142 61 0
12 24 0
33 269 2
13 2 0
2 33 0
178 115 7
178 38 0
93 2 0
2 269 3
2 2 0
2 75 4
2 75 5
2 115 6
179 269 1
179 75 2
179 75 3
179 75 4
179 115 5
179 269 2
13 179 0
93 176 0
176 93 0
93 115 2
93 67 3
142 93 0
33 115 1
33 67 3
93 79 0
38 79 0
83 93 0
93 273 1
93 65 1
93 273 3
93 75 5
93 83 0
83 273 4
83 75 5
83 61 0
38 266 2
93 115 3
142 12 0
79 33 0
79 38 0
38 278 1
33 278 1
33 83 0
83 278 1
83 278 2
83 77 0
79 163 0
163 278 1
163 278 2
163 269 3
163 115 4
163 153 0
153 278 1
153 278 2
153 115 3
153 38 0
83 269 2
83 16 0
16 282 1
16 345 0
345 269 1
345 75 2
345 75 3
345 282 4
345 93 0
179 266 1
179 266 2
79 179 0
93 266 4
93 65 2
93 669 0
669 281 1
669 318 0
318 269 1
318 75 2
318 75 3
318 281 4
318 93 0
38 163 0
163 266 1
163 266 2
163 278 3
163 2 0
2 266 1
2 266 2
2 93 0
83 266 1
93 278 2
83 273 2
38 273 2
176 115 7
176 115 8
176 115 9
176 115 10
176 2 0
2 669 0
93 317 0
317 281 1
317 115 2
317 75 3
317 47 4
317 318 0
93 266 1
93 16 0
345 345 0
142 142 0
38 177 0
177 275 1
177 75 2
177 75 3
177 75 4
177 145 5
177 115 6
177 115 7
177 115 8
177 142 0
93 151 0
151 266 1
151 266 2
151 75 3
151 115 4
151 33 0
33 266 4
38 179 0
93 273 4
93 269 5
2 75 2
2 115 5
2 142 0
93 33 0
79 2 0
2 278 1
2 278 2
2 278 3
93 278 4
151 278 1
151 278 2
151 93 0
151 12 0
24 62 1
33 266 1
77 93 0
38 279 1
179 279 1
179 279 2
79 83 0
24 115 13
24 115 14
179 278 1
179 278 2
93 266 5
2 12 0
38 14 0
14 266 1
14 266 2
14 75 3
14 115 4
14 33 0
176 33 0
142 33 0
2 273 1
2 273 2
33 273 1
93 78 0
78 75 1
78 273 2
78 80 3
78 93 0
79 79 0
176 12 0
33 115 2
33 67 4
14 2 0
83 33 0
2 273 3
83 75 2
83 273 3
33 273 2
93 273 2
83 97 0
97 273 1
97 273 2
97 2 0
2 83 0
83 12 0
77 38 0
2 77 0
163 179 0
79 97 0
97 278 1
97 278 2
2 266 3
12 14 0
14 38 0
176 83 0
13 83 0
33 150 0
150 279 1
150 75 2
150 115 3
150 38 0
38 279 2
83 83 0
142 180 0
180 38 0
151 2 0
2 79 0
176 142 0
83 273 1
142 176 0
176 61 0
151 38 0
176 62 1
318 115 1
79 77 0
83 153 0
153 266 1
153 266 2
153 75 3
153 115 4
153 33 0
93 279 2
79 98 0
98 266 1
98 266 2
98 75 3
98 115 4
98 38 0
93 163 0
163 33 0
2 269 4
2 163 0
163 12 0
2 278 4
163 75 4
163 75 5
163 115 6
179 150 0
150 266 1
150 12 0
79 14 0
14 278 1
14 278 2
14 93 0
38 83 0
33 266 2
33 278 4
93 265 1
93 265 4
93 279 1
93 279 4
93 14 0
14 279 1
14 279 2
38 263 1
93 338 0
338 269 1
338 75 2
338 75 3
338 263 4
338 2 0
38 264 1
93 332 0
332 269 1
332 75 2
332 75 3
332 264 4
332 2 0
177 38 0
93 49 0
49 269 1
49 115 2
49 115 3
49 115 4
49 115 5
49 115 6
49 38 0
163 269 1
163 269 2
179 27 0
27 269 1
27 269 2
27 269 3
27 75 4
27 115 5
27 38 0
38 273 1
93 242 0
242 264 1
242 264 2
242 278 3
242 115 4
242 358 0
358 264 1
358 264 2
358 115 3
358 75 4
358 47 5
358 115 6
358 246 0
246 278 1
246 264 2
246 115 3
246 33 0
33 27 0
27 273 1
27 273 2
27 278 3
27 93 0
38 16 0
345 179 0
150 93 0
93 319 0
319 281 1
319 269 2
319 75 3
319 75 4
319 318 0
83 2 0
176 115 11
24 115 1
24 67 3
33 93 0
93 27 0
163 303 0
303 281 1
303 269 2
303 317 0
317 612 0
612 281 1
612 281 2
612 281 3
612 307 0
307 281 1
307 115 2
307 75 3
307 47 4
307 646 0
646 281 1
646 281 2
646 281 3
646 115 4
646 447 0
447 281 1
447 281 2
447 75 3
447 198 0
198 264 1
198 281 2
198 281 3
198 115 4
198 334 0
334 264 1
334 115 2
334 75 3
334 47 4
334 359 0
359 264 1
359 264 2
359 264 3
359 115 4
359 241 0
241 263 1
241 263 2
241 264 3
241 115 4
241 303 0
303 612 0
612 646 0
198 359 0
241 93 0
93 243 0
243 264 1
243 264 2
243 263 3
243 115 4
243 243 0
243 12 0
38 264 2
83 179 0
13 669 0
318 12 0
177 115 1
177 67 3
177 93 0
79 669 0
669 93 0
13 318 0
38 332 0
332 83 0
14 269 3
14 75 4
14 75 5
14 115 6
27 266 1
27 266 2
27 266 3
93 98 0
98 269 1
98 75 2
98 75 4
98 115 5
98 12 0
179 93 0
93 1 0
1 266 1
1 266 2
1 75 3
1 115 4
1 115 5
1 93 0
79 242 0
242 263 1
242 263 2
242 266 3
242 360 0
360 263 1
360 263 2
360 269 3
360 75 4
360 75 5
360 115 6
360 247 0
247 266 1
247 263 2
247 115 3
247 93 0
93 360 0
318 79 0
83 319 0
27 242 0
242 340 0
340 263 1
340 115 2
340 75 3
340 47 4
340 255 0
255 263 1
255 263 2
255 263 3
255 115 4
255 200 0
200 263 1
200 263 2
200 115 3
200 75 4
200 47 5
200 115 6
200 338 0
338 142 0
242 269 3
242 75 4
242 75 5
242 115 6
242 242 0
242 93 0
255 255 0
255 93 0
242 361 0
361 263 1
361 263 2
361 263 3
361 115 4
361 361 0
361 247 0
93 71 0
71 266 1
71 266 2
71 266 3
71 115 4
71 71 0
71 269 3
71 75 4
71 75 5
71 115 6
71 2 0
2 151 0
83 151 0
97 266 1
97 266 2
97 14 0
14 269 1
14 75 2
14 266 4
14 115 5
14 79 0
98 266 4
98 142 0
38 319 0
318 338 0
338 338 0
338 14 0
14 340 0
340 269 2
340 75 4
340 340 0
340 83 0
38 263 2
176 115 12
338 98 0
98 340 0
318 179 0
79 319 0
318 142 0
38 242 0
38 25 0
25 115 1
25 115 2
25 115 3
25 68 0
68 273 1
68 115 2
68 115 3
68 115 4
68 115 5
68 115 6
68 38 0
38 340 0
340 12 0
38 360 0
360 255 0
255 12 0
340 361 0
361 255 0
242 273 3
255 38 0
163 266 3
163 38 0
38 654 0
654 263 1
654 263 2
654 263 3
654 115 4
654 38 0
38 651 0
651 264 1
651 264 2
651 269 3
651 75 4
651 75 5
651 115 6
651 332 0
332 93 0
319 316 0
316 65 1
316 75 2
316 75 3
316 281 4
316 93 0
153 14 0
14 12 0
83 669 0
669 334 0
334 334 0
334 12 0
79 318 0
38 652 0
652 264 1
652 264 2
652 264 3
652 115 4
652 359 0
359 198 0
198 264 2
198 264 3
198 246 0
246 266 1
246 12 0
242 255 0
652 656 0
656 264 1
656 264 2
656 115 3
656 115 4
656 77 0
13 317 0
317 65 2
317 75 4
150 179 0
150 98 0
98 279 1
98 279 2
98 279 3
98 93 0
27 179 0
13 14 0
71 93 0
71 278 1
71 269 2
71 75 3
71 38 0
38 153 0
153 146 0
146 278 1
146 278 2
146 75 3
146 115 4
146 2 0
2 71 0
38 77 0
247 360 0
247 242 0
27 83 0
71 269 1
71 151 0
151 269 1
151 269 2
83 340 0
340 93 0
150 83 0
38 151 0
151 115 3
79 71 0
2 65 3
93 340 0
340 66 0
66 263 1
66 658 0
658 263 1
658 263 2
658 115 3
658 115 4
658 77 0
79 658 0
658 38 0
79 338 0
338 340 0
338 93 0
93 66 0
66 293 0
293 263 1
293 263 2
293 269 3
293 75 4
293 75 5
293 115 6
293 338 0
338 293 0
340 658 0
93 318 0
14 77 0
79 340 0
340 657 0
657 263 1
657 269 2
657 75 3
657 75 4
657 115 5
657 115 6
657 77 0
27 278 1
27 278 2
27 12 0
38 138 0
138 75 1
138 115 2
138 115 3
138 138 0
138 278 1
138 24 0
93 153 0
153 12 0
14 83 0
93 147 0
147 266 1
147 266 2
147 75 3
147 115 4
147 115 5
147 12 0
33 149 0
149 269 1
149 75 2
149 75 3
149 75 4
149 115 5
149 83 0
13 319 0
319 65 2
83 332 0
93 178 0
178 115 8
24 115 15
79 346 0
346 282 1
346 269 2
346 75 3
346 75 4
346 346 0
346 345 0
345 65 1
345 346 0
13 334 0
334 269 2
334 75 4
332 12 0
334 652 0
652 12 0
83 79 0
93 77 0
33 279 1
14 27 0
340 243 0
243 340 0
243 198 0
198 198 0
198 12 0
163 93 0
33 265 1
179 265 1
179 265 2
79 247 0
247 269 2
247 75 3
247 75 4
247 115 5
247 2 0
38 247 0
38 71 0
71 278 3
71 12 0
79 361 0
93 361 0
247 12 0
93 138 0
13 340 0
142 340 0
150 278 1
150 79 0
163 163 0
153 2 0
2 146 0
146 266 1
146 266 2
146 115 3
146 242 0
242 38 0
38 281 1
38 338 0
338 115 1
338 67 3
38 361 0
361 242 0
255 338 0
338 200 0
200 269 3
200 75 5
340 67 4
13 411 0
411 281 1
411 115 2
411 75 3
411 47 4
411 621 0
621 281 1
621 281 2
621 281 3
621 360 0
360 281 2
360 115 3
360 67 5
360 12 0
13 360 0
340 65 2
340 338 0
71 146 0
146 93 0
38 39 0
39 115 1
39 115 2
39 115 3
39 68 0
68 269 1
163 71 0
2 242 0
242 642 0
642 264 1
642 264 2
642 264 3
642 115 4
642 246 0
246 269 1
27 27 0
153 83 0
83 146 0
146 38 0
179 115 1
179 67 3
98 98 0
179 266 4
27 33 0
14 14 0
14 142 0
242 12 0
13 346 0
345 242 0
2 115 1
2 67 3
13 98 0
163 77 0
77 340 0
340 79 0
163 242 0
98 33 0
151 75 2
151 151 0
163 340 0
340 33 0
83 242 0
360 242 0
2 179 0
71 273 1
71 273 2
71 83 0
151 273 1
151 273 2
93 657 0
657 281 1
657 115 2
657 47 4
79 224 0
224 282 1
224 281 2
224 83 0
71 179 0
71 278 2
27 273 3
71 273 3
14 273 1
14 273 2
83 163 0
163 273 3
93 346 0
346 273 4
346 75 5
346 648 0
648 282 1
648 282 2
648 282 3
648 115 4
648 648 0
648 355 0
355 282 1
355 282 2
355 282 3
355 115 4
355 355 0
355 194 0
194 282 1
194 282 2
194 282 3
194 115 4
194 194 0
194 345 0
345 273 3
345 75 4
345 282 5
345 2 0
340 273 4
340 75 5
340 654 0
654 361 0
361 281 3
361 201 0
201 263 1
201 263 2
201 263 3
201 115 4
201 338 0
338 273 3
338 75 4
338 263 5
93 334 0
334 38 0
77 310 0
310 65 1
310 75 2
310 75 3
310 281 4
310 310 0
310 93 0
142 334 0
138 65 1
138 75 2
138 75 3
138 115 4
138 115 5
138 269 1
150 151 0
38 98 0
38 96 0
96 278 1
96 278 2
96 115 3
96 27 0
27 153 0
153 93 0
153 98 0
14 273 4
14 67 5
179 273 1
179 273 2
79 151 0
150 33 0
14 153 0
153 279 1
153 279 2
98 79 0
153 79 0
79 153 0
93 97 0
97 279 1
97 279 2
97 153 0
150 273 1
27 79 0
151 279 1
151 279 2
2 279 1
2 279 2
2 279 3
150 2 0
151 79 0
2 61 0
79 66 0
68 266 1
68 75 2
68 75 3
68 115 7
68 115 8
38 146 0
146 153 0
153 273 1
153 273 2
93 68 0
83 71 0
83 66 0
66 12 0
2 658 0
77 83 0
38 669 0
163 146 0
146 269 1
146 269 2
146 61 0
13 151 0
146 273 1
146 273 2
146 179 0
146 12 0
71 61 0
346 65 2
346 93 0
93 345 0
345 115 1
345 38 0
151 83 0
153 269 1
153 269 2
33 38 0
142 115 3
163 273 1
163 273 2
318 38 0
38 94 0
94 269 1
94 115 2
94 115 3
94 115 4
94 115 5
94 38 0
13 97 0
97 269 1
97 269 2
163 65 3
96 273 1
96 273 2
96 83 0
71 33 0
146 71 0
179 38 0
38 27 0
176 180 0
180 12 0
138 67 1
150 27 0
27 2 0
13 176 0
13 66 0
66 657 0
79 657 0
177 12 0
14 179 0
98 273 3
98 266 5
98 115 6
163 151 0
179 273 3
179 266 5
179 115 6
33 269 4
12 66 0
66 115 1
66 38 0
79 176 0
83 14 0
179 83 0
340 38 0
658 93 0
340 281 1
66 33 0
201 281 1
201 237 0
237 281 1
237 263 2
237 263 3
237 75 4
237 115 5
237 219 0
219 281 1
219 281 2
219 281 3
219 281 4
219 237 0
237 394 0
394 281 1
394 281 2
394 281 3
394 247 0
247 281 2
247 83 0
38 97 0
97 179 0
138 273 1
338 65 1
13 657 0
79 293 0
293 115 3
293 47 5
293 340 0
255 281 1
255 226 0
226 281 1
226 281 2
226 310 0
310 12 0
2 340 0
338 79 0
150 77 0
33 279 2
71 16 0
98 77 0
340 360 0
360 38 0
338 360 0
360 338 0
71 153 0
151 163 0
2 98 0
98 278 1
98 278 2
98 266 3
255 360 0
14 269 2
38 13 0
33 65 2
33 65 1
33 273 4
77 12 0
33 273 3
33 75 5
33 115 6
669 316 0
316 12 0
38 265 1
93 265 2
38 317 0
98 179 0
98 83 0
93 279 5
77 2 0
2 266 4
33 269 5
179 75 5
338 179 0
163 75 3
2 266 5
98 2 0
16 308 0
308 65 1
308 75 2
308 75 3
308 282 4
308 93 0
13 242 0
242 338 0
338 242 0
308 308 0
308 345 0
93 146 0
68 278 1
176 242 0
361 93 0
149 65 1
149 33 0
150 14 0
14 279 3
93 70 0
70 266 1
70 79 0
83 98 0
93 247 0
247 65 2
66 93 0
66 79 0
38 658 0
24 278 1
77 66 0
79 360 0
360 201 0
201 201 0
201 2 0
14 151 0
66 179 0
79 255 0
255 361 0
361 179 0
66 83 0
654 247 0
247 38 0
242 654 0
247 201 0
201 247 0
38 201 0
79 201 0
201 93 0
93 273 5
361 658 0
38 633 0
633 263 1
633 263 2
633 263 3
633 361 0
361 200 0
200 360 0
360 47 5
360 361 0
361 281 1
361 66 0
66 237 0
237 390 0
390 281 1
390 281 2
390 281 3
390 340 0
340 179 0
38 281 2
361 79 0
38 66 0
33 147 0
147 266 3
147 98 0
340 278 2
338 278 1
338 33 0
176 340 0
340 200 0
200 278 3
316 340 0
79 654 0
654 66 0
658 66 0
657 278 2
657 38 0
66 66 0
83 255 0
255 66 0
24 115 16
340 653 0
653 263 1
653 263 2
653 269 3
653 75 4
653 75 5
653 115 6
653 338 0
201 38 0
201 361 0
361 360 0
200 361 0
390 38 0
657 273 4
657 75 5
657 115 7
78 340 0
654 93 0
201 657 0
658 340 0
654 77 0
83 360 0
360 273 5
360 75 6
360 115 7
361 338 0
338 658 0
255 658 0
338 83 0
79 200 0
200 273 5
200 75 6
200 115 7
200 93 0
201 66 0
200 2 0
78 38 0
176 66 0
66 142 0
361 654 0
361 38 0
38 301 0
301 263 1
301 263 2
301 115 3
301 75 4
301 47 5
301 115 6
301 38 0
66 340 0
142 658 0
66 281 1
201 281 3
201 654 0
654 281 1
242 281 1
237 281 2
237 339 0
339 281 1
339 115 2
339 75 3
339 47 4
339 219 0
219 654 0
654 281 2
654 658 0
658 281 1
79 225 0
225 281 1
225 115 2
225 75 3
225 47 4
225 394 0
394 394 0
394 658 0
658 281 2
654 281 3
654 411 0
411 394 0
394 66 0
79 411 0
621 79 0
621 66 0
163 66 0
2 200 0
255 179 0
33 266 5
340 201 0
201 658 0
338 38 0
93 201 0
654 657 0
93 658 0
201 340 0
361 12 0
13 247 0
317 317 0
317 669 0
669 669 0
669 319 0
319 273 4
319 75 5
319 319 0
319 394 0
394 378 0
378 281 1
378 281 2
378 281 3
378 394 0
378 550 0
550 281 1
550 281 2
550 281 3
550 378 0
378 581 0
581 281 1
581 281 2
581 75 3
581 378 0
378 2 0
79 378 0
378 554 0
554 281 1
554 281 2
554 75 3
554 378 0
378 328 0
328 266 1
328 281 2
328 378 0
328 33 0
247 151 0
153 153 0
38 267 1
38 267 2
93 267 2
93 268 1
71 268 1
71 268 2
38 268 2
2 268 3
27 151 0
93 267 1
2 267 1
2 267 2
98 267 1
98 267 2
163 27 0
163 268 1
163 268 2
27 268 1
27 268 2
151 268 1
151 268 2
93 268 2
2 268 1
2 268 2
71 268 3
654 654 0
201 633 0
151 20 0
20 266 1
20 266 2
20 115 3
20 77 0
151 340 0
360 93 0
12 340 0
2 66 0
345 319 0
14 98 0
301 93 0
66 294 0
294 263 1
294 263 2
294 263 3
294 115 4
294 338 0
98 14 0
93 293 0
361 254 0
254 263 1
254 263 2
254 269 3
254 75 4
254 75 5
254 115 6
254 657 0
2 65 1
66 77 0
308 83 0
83 27 0
345 142 0
176 669 0
33 265 4
178 61 0
178 12 0
66 264 1
79 334 0
334 242 0
242 253 0
253 264 1
253 264 2
253 264 3
253 115 4
253 38 0
38 334 0
180 142 0
38 672 0
672 269 1
672 269 2
672 269 3
672 115 4
672 150 0
358 67 5
358 38 0
14 266 3
98 269 2
338 333 0
333 281 1
333 269 2
333 75 3
333 75 4
333 340 0
255 281 3
338 336 0
336 281 1
336 281 2
336 255 0
255 669 0
669 233 0
233 281 1
233 281 2
233 281 3
233 75 4
233 115 5
233 451 0
451 281 1
451 281 2
451 75 3
451 317 0
317 219 0
219 338 0
338 318 0
318 340 0
658 255 0
255 150 0
150 338 0
338 150 0
93 333 0
333 669 0
451 219 0
219 318 0
318 66 0
657 150 0
150 150 0
338 657 0
38 200 0
200 38 0
38 657 0
79 633 0
200 340 0
390 361 0
98 278 4
16 83 0
79 345 0
345 308 0
33 75 1
163 79 0
93 20 0
20 269 1
20 278 2
153 179 0
316 115 1
316 67 3
142 179 0
79 672 0
672 75 2
672 75 3
672 266 4
672 115 5
672 79 0
654 12 0
242 201 0
242 79 0
201 12 0
247 79 0
247 33 0
201 33 0
360 658 0
179 360 0
247 278 1
247 27 0
360 79 0
654 201 0
201 200 0
200 12 0
654 360 0
201 360 0
2 247 0
83 247 0
24 115 17
247 247 0
163 247 0
151 630 0
630 263 1
630 263 2
630 263 3
630 75 4
630 115 5
630 654 0
78 33 0
77 33 0
13 200 0
150 149 0
149 38 0
78 179 0
2 265 1
2 265 2
38 265 2
153 97 0
142 151 0
149 151 0
151 179 0
150 340 0
340 75 2
340 273 3
200 201 0
672 75 4
672 12 0
318 278 1
98 269 3
27 163 0
2 223 0
223 282 1
223 115 2
223 75 3
223 47 4
223 223 0
223 413 0
413 282 1
413 115 2
413 75 3
413 47 4
413 38 0
38 282 1
38 282 2
38 454 0
454 282 1
454 282 2
454 269 3
454 75 4
454 75 5
454 454 0
454 210 0
210 282 1
210 282 2
210 282 3
210 75 4
210 348 0
348 281 1
348 269 2
348 75 3
348 75 4
348 261 0
261 281 1
261 281 2
261 269 3
261 75 4
261 75 5
261 75 6
261 348 0
348 208 0
208 282 1
208 282 2
208 281 3
208 75 4
208 454 0
210 454 0
454 261 0
261 208 0
208 210 0
261 454 0
454 208 0
210 297 0
297 282 1
297 282 2
297 282 3
297 115 4
297 297 0
297 289 0
289 282 1
289 282 2
289 282 3
289 115 4
289 289 0
289 2 0
79 297 0
297 256 0
256 281 1
256 282 2
256 75 3
256 298 0
298 281 1
298 282 2
298 281 3
298 115 4
298 447 0
447 298 0
298 281 2
298 336 0
336 302 0
302 263 1
302 281 2
302 281 3
302 115 4
302 289 0
289 256 0
256 290 0
290 281 1
290 282 2
290 281 3
290 115 4
290 447 0
447 290 0
290 281 2
290 336 0
336 294 0
294 281 2
294 281 3
294 38 0
340 302 0
302 263 2
302 263 3
302 294 0
294 2 0
38 302 0
302 38 0
38 294 0
77 200 0
200 281 1
200 281 2
200 237 0
237 281 3
219 79 0
338 281 4
79 78 0
338 12 0
179 340 0
340 77 0
200 630 0
630 338 0
83 67 4
653 281 1
653 38 0
653 225 0
394 201 0
201 281 2
653 340 0
653 255 0
654 338 0
338 361 0
653 654 0
255 201 0
201 79 0
79 653 0
653 66 0
654 340 0
83 653 0
243 93 0
27 340 0
394 657 0
78 338 0
79 243 0
243 281 3
151 657 0
79 630 0
151 66 0
394 340 0
98 66 0
14 66 0
38 411 0
411 201 0
201 394 0
340 237 0
219 38 0
654 243 0
243 281 1
243 654 0
361 243 0
243 201 0
243 334 0
334 253 0
253 281 1
253 359 0
359 281 2
359 281 3
359 334 0
334 281 1
359 281 1
359 665 0
665 281 1
665 281 2
665 281 3
665 314 0
314 281 1
314 281 2
314 353 0
353 281 1
353 281 2
353 281 3
353 115 4
353 447 0
447 208 0
208 281 1
208 281 2
208 353 0
198 652 0
652 281 3
198 358 0
358 281 1
358 652 0
652 281 1
652 281 2
359 359 0
198 66 0
66 656 0
79 642 0
642 620 0
620 281 1
620 281 2
620 115 3
620 75 4
620 47 5
620 652 0
652 198 0
198 241 0
241 338 0
150 657 0
142 620 0
620 77 0
38 198 0
652 241 0
658 150 0
150 620 0
620 14 0
14 652 0
658 83 0
27 658 0
658 27 0
142 307 0
307 621 0
621 642 0
642 281 3
642 253 0
253 281 2
253 12 0
38 621 0
642 281 1
642 358 0
358 12 0
38 359 0
359 652 0
241 642 0
642 340 0
150 621 0
621 198 0
359 14 0
93 652 0
241 658 0
658 338 0
338 27 0
27 652 0
150 658 0
79 359 0
359 358 0
358 281 2
358 359 0
79 620 0
620 642 0
642 652 0
241 340 0
79 656 0
620 198 0
198 253 0
253 241 0
620 253 0
253 281 3
361 340 0
656 281 1
656 281 2
79 307 0
621 12 0
38 358 0
142 66 0
317 12 0
12 318 0
672 279 1
672 279 2
672 38 0
33 265 2
13 163 0
153 71 0
98 278 3
83 334 0
334 273 4
334 75 5
334 197 0
197 264 1
197 264 2
197 269 3
197 75 4
197 273 5
197 75 6
197 115 7
197 332 0
332 273 3
332 75 4
332 264 5
142 2 0
2 14 0
153 75 2
151 14 0
149 115 1
149 67 3
149 12 0
345 67 3
345 12 0
78 12 0
14 163 0
77 78 0
78 98 0
27 20 0
20 278 1
20 75 2
20 27 0
93 670 0
670 281 1
670 318 0
318 98 0
13 670 0
318 318 0
2 318 0
2 670 0
318 669 0
14 115 3
79 670 0
79 150 0
77 151 0
77 20 0
20 273 2
79 20 0
151 319 0
318 273 3
318 75 4
318 281 5
93 278 5
20 93 0
98 75 5
151 153 0
98 269 5
2 97 0
14 273 3
14 269 5
77 179 0
179 269 5
27 150 0
93 75 1
12 346 0
345 24 0
176 179 0
319 115 2
319 67 4
12 669 0
98 269 4
93 96 0
96 266 1
96 266 2
96 38 0
14 269 4
179 269 4
13 70 0
70 269 1
70 93 0
93 672 0
672 266 1
672 266 2
672 266 3
672 179 0
672 75 5
672 115 6
93 553 0
553 281 1
553 115 2
553 75 3
553 67 4
553 75 5
553 316 0
98 115 1
98 67 3
98 115 3
98 67 5
98 150 0
2 153 0
13 153 0
14 279 4
14 278 3
93 150 0
151 672 0
672 93 0
27 14 0
672 77 0
27 77 0
318 67 3
83 78 0
38 275 1
24 275 1
178 33 0
12 179 0
672 98 0
345 83 0
38 276 1
179 276 1
93 276 1
93 276 2
178 276 1
176 334 0
318 61 0
178 93 0
178 115 9
176 176 0
178 115 10
317 93 0
179 65 1
96 269 1
96 269 2
96 151 0
79 303 0
303 611 0
611 281 1
611 281 2
611 115 3
611 75 4
611 47 5
611 645 0
645 281 1
645 281 2
645 115 3
645 75 4
645 47 5
645 115 6
645 447 0
358 197 0
197 115 3
197 47 5
197 115 6
197 334 0
652 246 0
246 93 0
672 246 0
246 656 0
656 27 0
96 71 0
146 96 0
49 75 2
49 75 3
49 115 7
49 115 8
180 93 0
146 33 0
2 672 0
672 672 0
672 2 0
163 96 0
96 33 0
98 242 0
247 269 1
672 247 0
247 658 0
38 303 0
358 334 0
672 115 3
672 67 5
672 265 1
672 265 2
179 265 4
153 20 0
142 83 0
147 2 0
150 672 0
150 163 0
13 146 0
78 83 0
14 150 0
83 96 0
96 179 0
93 67 5
24 273 3
24 75 4
24 145 5
163 83 0
2 144 0
144 273 1
144 273 2
144 115 3
144 33 0
2 78 0
83 303 0
303 414 0
414 282 1
414 281 2
414 345 0
345 163 0
414 79 0
340 61 0
13 71 0
78 61 0
61 93 0
150 61 0
332 278 1
38 241 0
318 65 1
153 77 0
142 14 0
14 672 0
672 14 0
318 83 0
163 273 4
163 67 5
83 67 5
179 67 4
98 97 0
97 150 0
38 22 0
22 266 1
22 266 2
22 266 3
22 115 4
22 98 0
149 79 0
79 118 0
118 266 1
118 278 2
118 115 3
118 33 0
97 33 0
38 150 0
150 153 0
38 243 0
243 197 0
197 75 5
176 98 0
340 334 0
340 303 0
303 264 1
303 12 0
334 79 0
93 303 0
303 340 0
13 311 0
311 281 1
311 115 2
311 75 3
311 47 4
311 347 0
347 269 1
347 75 2
347 75 3
347 281 4
347 33 0
338 653 0
316 83 0
27 319 0
316 242 0
242 65 3
242 334 0
334 93 0
242 359 0
359 242 0
242 198 0
318 151 0
151 242 0
242 273 5
242 75 6
198 242 0
340 273 2
197 12 0
242 115 7
242 2 0
2 201 0
340 242 0
654 242 0
200 200 0
200 273 3
247 654 0
93 223 0
223 345 0
345 278 1
345 33 0
77 14 0
83 657 0
14 97 0
97 83 0
14 96 0
96 223 0
163 72 0
72 278 1
72 278 2
72 115 3
72 77 0
13 338 0
338 651 0
651 241 0
242 83 0
242 179 0
93 331 0
331 281 1
331 269 2
331 75 3
331 75 4
331 554 0
554 315 0
315 281 1
315 266 2
315 412 0
412 281 1
412 281 2
412 594 0
594 281 1
594 281 2
594 281 3
594 378 0
378 399 0
399 281 1
399 281 2
399 281 3
399 75 4
399 316 0
79 331 0
331 331 0
331 594 0
594 363 0
363 281 1
363 281 2
363 93 0
93 328 0
79 460 0
460 266 1
460 281 2
460 75 3
460 33 0
79 534 0
534 281 1
534 281 2
534 281 3
534 328 0
328 460 0
460 2 0
360 179 0
361 630 0
630 201 0
360 340 0
332 33 0
621 38 0
360 333 0
333 333 0
333 357 0
357 281 1
357 281 2
357 281 3
357 115 4
357 201 0
201 336 0
336 201 0
303 179 0
79 315 0
315 263 1
315 657 0
79 652 0
241 12 0
2 115 3
2 67 5
79 146 0
672 278 1
672 278 2
317 316 0
316 269 1
316 142 0
151 115 5
96 14 0
151 97 0
151 98 0
142 16 0
98 279 4
672 279 3
672 278 3
38 346 0
96 93 0
70 179 0
179 149 0
149 93 0
334 65 2
359 12 0
334 252 0
252 264 1
252 264 2
252 65 3
252 75 4
252 75 5
252 115 6
252 358 0
358 65 3
358 75 5
358 332 0
332 65 1
332 358 0
332 79 0
66 655 0
655 264 1
655 65 2
655 75 3
655 75 4
655 115 5
655 115 6
655 77 0
334 656 0
656 93 0
13 96 0
96 75 2
96 75 3
96 115 4
79 358 0
358 358 0
358 269 3
358 656 0
334 83 0
334 332 0
332 332 0
332 303 0
303 652 0
652 655 0
655 269 2
334 655 0
38 393 0
393 281 1
393 281 2
393 115 3
393 75 4
393 47 5
393 334 0
334 358 0
359 656 0
359 197 0
197 65 3
332 334 0
79 96 0
96 2 0
38 656 0
79 655 0
153 672 0
12 334 0
334 66 0
652 393 0
393 655 0
655 281 1
655 115 2
655 47 4
651 65 3
332 66 0
655 150 0
150 656 0
656 150 0
672 142 0
79 253 0
253 393 0
393 652 0
150 655 0
93 241 0
241 243 0
243 241 0
334 651 0
38 252 0
252 269 3
252 332 0
334 241 0
243 253 0
345 669 0
332 142 0
655 27 0
241 334 0
241 198 0
338 334 0
652 66 0
332 281 4
96 620 0
620 322 0
322 65 1
322 75 2
322 75 3
322 281 4
322 93 0
651 179 0
655 38 0
393 93 0
93 655 0
79 332 0
303 93 0
198 642 0
642 332 0
38 197 0
332 651 0
651 359 0
359 38 0
651 38 0
359 393 0
393 38 0
38 655 0
332 179 0
359 655 0
359 332 0
332 359 0
358 655 0
655 334 0
334 77 0
359 253 0
253 652 0
652 332 0
358 198 0
198 332 0
652 197 0
197 93 0
93 198 0
253 314 0
314 352 0
352 281 1
352 281 2
352 269 3
352 75 4
352 75 5
352 115 6
352 343 0
343 269 1
343 75 2
343 75 3
343 281 4
343 358 0
253 358 0
49 266 1
79 16 0
77 70 0
33 1 0
316 179 0
27 146 0
151 146 0
146 163 0
163 115 3
93 15 0
15 282 1
15 618 0
618 282 1
618 282 2
618 269 3
618 75 4
618 273 5
618 75 6
618 618 0
618 345 0
97 75 2
97 273 3
97 75 4
14 266 5
2 72 0
72 269 1
72 269 2
153 151 0
147 97 0
97 98 0
98 279 5
77 163 0
14 279 5
93 315 0
315 269 2
315 75 3
315 273 4
315 75 5
315 315 0
315 390 0
390 315 0
390 328 0
328 269 1
328 75 2
328 273 3
328 75 4
328 281 5
328 328 0
328 315 0
328 2 0
163 315 0
328 163 0
38 275 2
83 411 0
411 93 0
13 339 0
339 65 2
339 75 4
339 394 0
79 339 0
411 340 0
93 265 5
71 98 0
411 38 0
339 273 4
339 75 5
339 621 0
621 338 0
338 281 5
411 83 0
339 269 2
16 93 0
2 345 0
142 317 0
317 67 4
316 33 0
66 24 0
27 98 0
318 319 0
16 223 0
223 317 0
669 670 0
670 346 0
346 231 0
231 282 1
231 282 2
231 282 3
231 75 4
231 115 5
231 231 0
231 355 0
194 392 0
392 282 1
392 282 2
392 282 3
392 257 0
257 281 1
257 282 2
257 75 3
257 550 0
550 550 0
550 282 2
550 612 0
612 392 0
550 245 0
245 282 1
245 282 2
245 115 3
245 257 0
257 365 0
365 281 1
365 282 2
365 281 3
365 371 0
371 281 1
371 281 2
371 281 3
371 402 0
402 281 1
402 281 2
402 281 3
402 281 4
402 612 0
612 402 0
402 329 0
329 269 1
329 75 2
329 273 3
329 75 4
329 281 5
329 346 0
612 245 0
402 402 0
329 2 0
346 16 0
16 231 0
231 223 0
223 231 0
223 355 0
355 223 0
223 194 0
257 317 0
317 550 0
371 669 0
669 402 0
402 670 0
670 402 0
329 33 0
12 319 0
93 301 0
319 93 0
146 14 0
98 163 0
147 93 0
33 279 4
2 96 0
96 12 0
2 27 0
163 279 1
163 279 2
49 278 1
98 672 0
672 33 0
93 23 0
23 266 1
23 266 2
23 266 3
23 115 4
23 93 0
20 150 0
179 75 1
163 273 5
163 75 6
163 115 7
49 273 1
163 65 1
163 75 2
163 269 4
163 115 5
163 669 0
670 2 0
318 2 0
13 672 0
38 78 0
33 278 5
98 71 0
163 14 0
146 83 0
71 97 0
360 200 0
200 225 0
394 200 0
200 394 0
394 654 0
338 201 0
200 411 0
360 360 0
38 237 0
394 302 0
294 658 0
201 255 0
201 411 0
394 338 0
654 255 0
255 237 0
200 79 0
360 75 3
360 273 4
360 65 3
630 247 0
98 151 0
242 268 3
242 153 0
153 267 1
153 267 2
200 247 0
360 281 1
360 66 0
142 360 0
390 79 0
66 302 0
302 301 0
301 269 3
301 75 5
301 301 0
653 360 0
200 65 3
338 75 1
338 273 2
2 315 0
315 38 0
38 337 0
337 266 1
337 263 2
337 153 0
338 654 0
61 83 0
150 242 0
200 75 3
200 273 4
150 360 0
147 79 0
242 633 0
390 242 0
242 630 0
630 281 3
630 242 0
247 273 1
163 20 0
98 27 0
340 293 0
338 319 0
27 672 0
1 38 0
71 163 0
163 150 0
163 266 4
340 163 0
163 657 0
658 242 0
13 658 0
242 115 3
242 67 5
340 339 0
339 339 0
339 340 0
390 237 0
390 33 0
93 200 0
361 281 2
242 200 0
13 16 0
243 332 0
13 345 0
93 309 0
309 282 1
309 65 2
309 75 3
309 75 4
309 309 0
309 345 0
93 311 0
311 311 0
311 179 0
315 394 0
394 514 0
514 281 1
514 281 2
514 567 0
567 281 1
567 281 2
567 281 3
567 460 0
460 151 0
151 267 1
151 267 2
151 328 0
328 98 0
77 334 0
359 93 0
198 93 0
198 79 0
642 93 0
642 79 0
13 332 0
79 246 0
253 179 0
243 359 0
359 153 0
153 242 0
2 334 0
359 246 0
13 198 0
198 300 0
300 264 1
300 264 2
300 264 3
300 115 4
300 2 0
359 79 0
77 16 0
16 16 0
16 79 0
163 16 0
16 189 0
189 282 1
189 282 2
189 269 3
189 75 4
189 273 5
189 75 6
189 115 7
189 189 0
189 2 0
79 189 0
189 190 0
190 282 1
190 282 2
190 282 3
190 115 4
190 190 0
190 256 0
256 192 0
192 281 1
192 281 2
192 282 3
192 115 4
192 447 0
198 33 0
79 197 0
197 2 0
14 222 0
222 282 1
222 281 2
222 16 0
16 342 0
342 282 1
342 269 2
342 75 3
342 273 4
342 75 5
342 342 0
342 644 0
644 282 1
644 282 2
644 282 3
644 115 4
644 644 0
644 351 0
351 282 1
351 282 2
351 282 3
351 115 4
351 190 0
190 351 0
190 2 0
79 190 0
198 2 0
222 222 0
644 342 0
190 644 0
652 334 0
71 273 5
71 75 6
71 115 7
27 71 0
672 273 1
672 273 2
83 150 0
96 273 3
96 75 4
96 115 5
68 273 3
68 75 4
68 115 9
96 553 0
553 269 2
553 75 4
553 318 0
318 33 0
96 79 0
672 83 0
14 315 0
315 410 0
410 282 1
410 281 2
410 315 0
410 93 0
93 532 0
532 282 1
532 282 2
532 269 3
532 75 4
532 273 5
532 75 6
532 532 0
532 376 0
376 282 1
376 282 2
376 282 3
376 532 0
376 376 0
376 345 0
98 273 1
98 273 2
410 83 0
532 345 0
345 532 0
79 532 0
71 79 0
302 293 0
2 360 0
24 65 1
358 241 0
241 79 0
33 242 0
242 77 0
242 66 0
654 79 0
242 658 0
223 670 0
670 354 0
354 282 1
354 282 2
354 269 3
354 75 4
354 273 5
354 75 6
354 115 7
354 245 0
371 610 0
610 281 1
610 281 2
610 281 3
610 610 0
610 617 0
617 281 1
617 281 2
617 281 3
617 608 0
608 281 1
608 281 2
608 281 3
608 318 0
318 354 0
79 223 0
223 354 0
610 670 0
670 610 0
151 16 0
360 657 0
176 657 0
142 654 0
201 83 0
179 338 0
13 309 0
309 115 2
309 47 4
345 309 0
345 340 0
197 241 0
294 12 0
246 242 0
669 179 0
79 553 0
553 93 0
253 93 0
246 179 0
79 238 0
238 282 1
238 281 2
238 665 0
665 282 1
665 453 0
453 282 1
453 282 2
453 75 3
453 351 0
351 244 0
244 281 1
244 282 2
244 115 3
244 460 0
460 93 0
163 328 0
163 460 0
460 38 0
460 163 0
315 79 0
315 340 0
242 247 0
346 115 2
346 67 4
98 247 0
150 334 0
334 75 2
334 273 3
83 315 0
317 409 0
409 282 1
409 115 2
409 75 3
409 47 4
409 670 0
670 319 0
319 550 0
612 550 0
612 512 0
512 282 1
512 281 2
512 533 0
533 282 1
533 282 2
533 282 3
533 437 0
437 282 1
437 282 2
437 282 3
437 257 0
612 580 0
580 282 1
580 282 2
580 75 3
580 257 0
402 512 0
402 610 0
79 226 0
226 38 0
38 356 0
356 281 1
356 281 2
356 269 3
356 75 4
356 75 5
356 115 6
356 347 0
347 2 0
226 83 0
79 356 0
347 356 0
347 83 0
38 253 0
13 358 0
13 246 0
246 281 2
246 38 0
334 71 0
652 344 0
344 281 1
344 269 2
344 75 3
344 273 4
344 75 5
344 344 0
344 646 0
646 651 0
651 281 1
651 273 5
651 75 6
651 115 7
651 333 0
333 273 4
333 75 5
333 321 0
321 281 1
321 281 2
321 269 3
321 75 4
321 273 5
321 75 6
321 333 0
333 665 0
665 646 0
646 652 0
646 635 0
635 281 1
635 281 2
635 281 3
635 75 4
635 665 0
665 353 0
353 353 0
353 646 0
447 359 0
359 447 0
332 343 0
343 332 0
332 635 0
635 353 0
646 359 0
652 343 0
332 353 0
332 317 0
317 621 0
621 646 0
646 646 0
646 343 0
343 621 0
621 652 0
652 652 0
332 221 0
221 282 1
221 115 2
221 75 3
221 47 4
221 358 0
358 282 2
332 350 0
350 282 1
350 282 2
350 269 3
350 75 4
350 75 5
350 115 6
350 341 0
341 269 1
341 75 2
341 75 3
341 282 4
341 350 0
341 142 0
316 316 0
176 153 0
317 38 0
550 617 0
617 550 0
617 399 0
399 550 0
399 512 0
512 512 0
512 376 0
376 512 0
376 580 0
612 610 0
610 580 0
2 348 0
348 195 0
195 281 1
195 281 2
195 269 3
195 75 4
195 75 5
195 115 6
195 225 0
225 357 0
357 347 0
346 348 0
348 273 4
348 75 5
348 348 0
348 262 0
262 281 1
262 281 2
262 281 3
262 75 4
262 259 0
259 282 1
259 282 2
259 281 3
259 75 4
259 348 0
348 639 0
639 281 1
639 281 2
639 281 3
639 75 4
639 639 0
639 259 0
259 210 0
639 262 0
262 639 0
639 282 1
639 210 0
210 668 0
668 281 1
668 281 2
668 281 3
668 259 0
259 262 0
668 262 0
262 208 0
210 262 0
259 663 0
663 281 1
663 281 2
663 281 3
663 259 0
262 663 0
663 208 0
208 346 0
346 210 0
210 346 0
346 262 0
262 346 0
346 639 0
639 346 0
346 259 0
259 259 0
210 666 0
666 282 1
666 282 2
666 282 3
666 637 0
637 282 1
637 282 2
637 282 3
637 75 4
637 637 0
637 210 0
666 256 0
256 666 0
666 453 0
453 208 0
210 194 0
194 666 0
210 637 0
637 256 0
256 637 0
637 453 0
194 662 0
662 282 1
662 282 2
662 282 3
662 637 0
210 662 0
662 256 0
256 662 0
662 453 0
194 223 0
355 668 0
668 282 1
668 282 2
668 282 3
668 453 0
453 668 0
453 210 0
210 663 0
663 282 1
663 282 2
663 282 3
663 453 0
453 663 0
453 662 0
666 666 0
453 453 0
210 345 0
309 346 0
346 444 0
444 282 1
444 282 2
444 282 3
444 444 0
444 345 0
151 96 0
96 309 0
93 225 0
225 317 0
319 278 2
612 319 0
348 278 2
348 2 0
2 195 0
195 278 3
195 2 0
2 357 0
340 223 0
223 83 0
346 193 0
193 282 1
193 282 2
193 269 3
193 75 4
193 75 5
193 115 6
193 193 0
193 346 0
193 639 0
639 282 2
639 282 3
262 282 2
262 282 3
259 639 0
210 210 0
194 355 0
262 668 0
668 208 0
355 262 0
663 262 0
355 663 0
453 666 0
334 198 0
253 334 0
253 198 0
246 2 0
177 242 0
197 242 0
226 669 0
669 411 0
411 311 0
311 340 0
340 669 0
669 66 0
669 621 0
621 226 0
226 357 0
357 38 0
38 357 0
201 315 0
315 278 2
315 75 4
315 550 0
550 238 0
238 281 1
238 115 3
238 196 0
196 281 1
196 281 2
196 281 3
196 115 4
196 2 0
2 450 0
450 281 1
450 278 2
450 75 3
450 75 4
450 75 5
450 196 0
201 450 0
238 451 0
451 361 0
361 451 0
451 201 0
93 447 0
447 361 0
361 447 0
447 201 0
93 336 0
336 361 0
361 336 0
79 450 0
450 2 0
2 226 0
357 196 0
196 357 0
357 451 0
451 347 0
347 278 1
242 197 0
151 669 0
669 79 0
450 83 0
83 226 0
83 201 0
197 253 0
66 669 0
79 348 0
348 650 0
650 281 1
650 281 2
650 281 3
650 115 4
650 2 0
201 348 0
38 226 0
196 347 0
247 361 0
241 83 0
83 348 0
650 83 0
347 201 0
319 273 2
361 71 0
630 361 0
2 346 0
197 38 0
359 344 0
344 75 4
344 353 0
353 198 0
198 447 0
642 38 0
315 418 0
418 282 1
418 281 2
418 83 0
96 345 0
38 23 0
23 179 0
77 96 0
163 319 0
178 176 0
33 279 5
334 33 0
66 334 0
332 115 1
332 67 3
138 115 1
138 67 3
303 303 0
303 79 0
66 332 0
79 198 0
198 197 0
93 221 0
221 341 0
341 273 3
341 75 4
341 282 5
341 341 0
341 2 0
96 221 0
341 163 0
93 358 0
358 273 5
358 75 6
358 115 7
358 642 0
93 252 0
252 273 5
252 75 6
252 115 7
252 198 0
221 350 0
350 273 5
350 75 6
350 115 7
350 350 0
332 98 0
358 83 0
163 334 0
656 38 0
197 67 5
359 252 0
332 197 0
197 359 0
359 300 0
300 292 0
292 264 1
292 264 2
292 264 3
292 115 4
292 332 0
79 222 0
222 93 0
93 342 0
342 189 0
189 342 0
189 351 0
351 351 0
351 221 0
221 295 0
295 282 1
295 282 2
295 282 3
295 115 4
295 295 0
295 221 0
221 286 0
286 282 1
286 282 2
286 282 3
286 115 4
286 286 0
286 341 0
341 221 0
221 351 0
351 189 0
189 341 0
341 189 0
351 341 0
79 342 0
342 351 0
351 248 0
248 282 1
248 282 2
248 269 3
248 75 4
248 273 5
248 75 6
248 115 7
248 248 0
248 190 0
192 282 2
192 281 3
198 38 0
13 197 0
252 281 1
252 222 0
222 341 0
93 197 0
197 33 0
93 359 0
83 70 0
70 264 1
334 311 0
311 93 0
311 66 0
66 70 0
71 334 0
334 179 0
197 281 1
2 273 5
2 75 6
2 115 7
71 651 0
651 93 0
93 651 0
651 651 0
198 179 0
79 651 0
198 656 0
253 197 0
197 358 0
652 253 0
652 394 0
394 656 0
332 656 0
79 621 0
621 359 0
358 651 0
651 115 3
651 67 5
252 652 0
311 334 0
652 93 0
358 93 0
198 83 0
83 359 0
359 179 0
77 359 0
332 77 0
332 652 0
334 67 4
253 83 0
359 66 0
77 332 0
93 344 0
344 645 0
645 269 3
645 273 5
645 75 6
645 115 7
645 83 0
651 83 0
642 651 0
651 358 0
353 191 0
191 281 1
191 281 2
191 269 3
191 75 4
191 273 5
191 75 6
191 115 7
191 343 0
343 273 3
343 75 4
343 281 5
343 359 0
332 344 0
343 334 0
332 198 0
93 307 0
307 334 0
334 307 0
307 311 0
311 70 0
70 70 0
70 66 0
70 281 1
646 93 0
321 313 0
313 281 1
313 269 2
313 75 3
313 273 4
313 75 5
313 646 0
646 344 0
646 353 0
353 665 0
353 192 0
192 661 0
661 281 1
661 281 2
661 281 3
661 353 0
192 179 0
79 333 0
192 83 0
83 641 0
641 281 1
641 281 2
641 115 3
641 251 0
251 281 1
251 281 2
251 281 3
251 115 4
251 314 0
447 353 0
359 353 0
198 353 0
447 179 0
93 300 0
292 12 0
38 447 0
79 235 0
235 281 1
235 281 2
235 264 3
235 75 4
235 115 5
235 300 0
300 281 1
300 281 2
300 215 0
215 281 1
215 281 2
215 281 3
215 281 4
215 235 0
235 281 3
235 215 0
235 264 2
215 651 0
447 652 0
197 281 2
197 652 0
332 621 0
334 317 0
317 311 0
334 333 0
333 115 2
333 47 4
333 334 0
334 70 0
70 282 1
645 153 0
153 334 0
651 281 2
646 333 0
665 665 0
646 282 1
646 453 0
453 179 0
453 447 0
447 447 0
198 281 1
198 314 0
314 282 1
314 314 0
314 259 0
259 665 0
665 259 0
259 282 3
259 351 0
351 447 0
447 282 1
447 259 0
259 661 0
661 282 1
661 259 0
190 208 0
208 259 0
447 282 2
190 359 0
359 282 2
359 282 3
79 447 0
198 256 0
256 447 0
359 642 0
198 282 2
198 282 3
359 621 0
447 83 0
79 300 0
447 635 0
635 282 2
635 635 0
353 635 0
635 208 0
652 635 0
665 282 2
652 665 0
198 621 0
621 235 0
215 334 0
652 300 0
292 281 1
292 334 0
38 394 0
253 79 0
79 394 0
197 394 0
394 235 0
235 334 0
334 394 0
394 246 0
246 273 1
77 215 0
334 78 0
78 359 0
447 314 0
652 314 0
353 359 0
359 314 0
652 353 0
646 314 0
314 359 0
652 646 0
353 314 0
353 652 0
192 359 0
359 646 0
646 192 0
192 652 0
198 646 0
192 314 0
314 652 0
192 621 0
343 83 0
191 646 0
359 191 0
191 652 0
359 83 0
83 197 0
655 273 4
655 75 5
655 115 7
253 66 0
83 656 0
656 253 0
253 642 0
642 359 0
2 359 0
97 359 0
77 242 0
13 303 0
300 246 0
38 642 0
38 335 0
335 278 1
335 264 2
335 33 0
653 65 3
653 79 0
255 79 0
241 281 1
630 12 0
340 301 0
301 281 1
301 65 3
301 79 0
293 281 1
293 65 3
293 79 0
219 201 0
201 630 0
630 281 1
630 79 0
340 236 0
236 281 1
236 263 2
236 65 3
236 75 4
236 75 5
236 75 6
236 115 7
236 339 0
394 79 0
411 339 0
394 93 0
38 1 0
1 278 1
1 278 2
1 269 3
672 97 0
97 672 0
97 93 0
71 303 0
303 38 0
153 303 0
2 303 0
303 153 0
2 614 0
614 281 1
614 281 2
614 281 3
614 614 0
614 282 1
614 260 0
260 282 1
260 282 2
260 281 3
260 75 4
260 16 0
16 397 0
397 282 1
397 282 2
397 282 3
397 75 4
397 345 0
98 65 3
33 97 0
97 27 0
303 614 0
614 522 0
522 282 1
522 281 2
522 345 0
97 38 0
97 12 0
49 65 1
93 308 0
397 308 0
308 153 0
71 65 3
147 269 1
147 269 2
147 278 1
147 278 2
79 70 0
70 278 1
147 146 0
2 278 5
70 12 0
78 14 0
78 2 0
150 97 0
70 38 0
316 79 0
14 16 0
16 309 0
309 413 0
413 413 0
413 93 0
16 380 0
380 282 1
380 282 2
380 282 3
380 562 0
562 282 1
562 282 2
562 75 3
562 515 0
515 282 1
515 269 2
515 75 3
515 273 4
515 75 5
515 515 0
515 562 0
562 380 0
380 392 0
392 568 0
568 282 1
568 282 2
568 282 3
568 568 0
568 380 0
568 619 0
619 282 1
619 282 2
619 282 3
619 440 0
440 282 1
440 282 2
440 282 3
440 388 0
388 282 1
388 282 2
388 282 3
388 541 0
541 282 1
541 282 2
541 282 3
541 619 0
541 392 0
392 541 0
541 2 0
2 380 0
380 33 0
79 541 0
541 257 0
257 543 0
543 281 1
543 281 2
543 282 3
543 554 0
554 543 0
543 281 3
543 330 0
330 273 1
330 281 2
330 541 0
330 33 0
308 179 0
98 65 1
98 278 5
97 97 0
614 303 0
260 303 0
16 430 0
430 282 1
430 282 2
430 282 3
430 15 0
15 619 0
619 430 0
430 619 0
619 364 0
364 282 1
364 282 2
364 282 3
364 457 0
457 282 1
457 282 2
457 75 3
457 257 0
257 411 0
394 594 0
594 282 3
594 554 0
96 279 1
96 279 2
176 14 0
14 65 3
97 79 0
